Cube Material 29.0000 -10.1714 0.0000 1.0000 0.0000 0.0000 0.0000 29.9442 0.1076 29.9442
Cube.001 default 22.7715 -6.8000 14.7382 1.0000 0.0000 0.0000 0.0000 17.3049 6.6896 0.2635
Cube.002 default 22.7715 -6.5738 6.8750 1.0000 0.0000 0.0000 0.0000 17.3049 6.6896 0.2635
Cube.003 default 14.0822 -6.5738 10.8230 1.0000 0.0000 0.0000 0.0000 0.0864 6.6896 8.2975
Cube.004 default 31.4391 -6.5738 13.6600 1.0000 0.0000 0.0000 0.0000 0.0864 6.6896 2.3242
Cube.005 default 31.4391 -6.5738 7.9764 1.0000 0.0000 0.0000 0.0000 0.0864 6.6896 2.3242
Cube.006 default 12.8159 -9.2640 0.0000 1.0000 0.0000 0.0000 0.0000 2.0000 12.2979 31.4353
Cube.007 Material 21.9786 -3.3051 10.9170 1.0000 0.0000 0.0000 0.0000 18.8915 0.1171 8.1054
Cube.008 default 16.9432 -5.2322 2.4549 1.0000 0.0000 0.0000 0.0000 6.3007 1.0974 2.7312
Cube.009 default 16.9432 -6.4744 -0.2762 1.0000 0.0000 0.0000 0.0000 6.3007 1.0974 2.7312
Cube.010 default 16.9432 -7.7166 -3.0074 1.0000 0.0000 0.0000 0.0000 6.3007 1.0974 2.7312
Cube.011 default 16.9432 -8.9588 -5.7385 1.0000 0.0000 0.0000 0.0000 6.3007 1.0974 2.7312
Cube.012 Material -3.0000 -3.1714 0.0000 1.0000 0.0000 0.0000 0.0000 29.9442 0.1076 29.9442
Cube.013 default 16.9432 -4.2322 5.4549 1.0000 0.0000 0.0000 0.0000 6.3007 1.0974 2.7312
Cube.014 default 16.9432 -9.9588 -8.7385 1.0000 0.0000 0.0000 0.0000 6.3007 1.0974 2.7312
Cube.015 default -18.4851 3.0249 0.0000 1.0000 0.0000 0.0000 0.0000 2.0000 12.2979 31.4353
Cube.016 default -3.1299 2.6300 15.4152 1.0000 0.0000 0.0000 0.0000 34.6631 13.0062 1.6470
Cube.017 Material -3.0000 -3.1714 0.0000 1.0000 0.0000 0.0000 0.0000 29.9442 0.1076 29.9442
Cube.018 Material -3.0000 -3.1714 -30.0000 1.0000 0.0000 0.0000 0.0000 29.9442 0.1076 29.9442
Cube.019 default -18.4851 3.0249 -31.0000 1.0000 0.0000 0.0000 0.0000 2.0000 12.2979 31.4353
Cube.020 default 12.5149 3.0249 -31.0000 1.0000 0.0000 0.0000 0.0000 2.0000 12.2979 31.4353
Cube.021 default -4.1299 2.6300 -44.5848 1.0000 0.0000 0.0000 0.0000 34.6631 13.0062 1.6470
Cube.022 default -3.0568 1.7678 -41.5451 1.0000 0.0000 0.0000 0.0000 6.3007 1.0974 4.7793
Cube.023 default 29.4325 -1.3700 -15.9056 1.0000 0.0000 0.0000 0.0000 33.4280 20.4091 1.6470
Cube.024 default 43.5706 -5.7857 0.0000 1.0000 0.0000 0.0000 0.0000 2.0000 28.9088 31.4353
Cube.025 default 35.7123 -6.8000 14.7382 1.0000 0.0000 0.0000 0.0000 17.3049 6.6896 0.2635
